                   term    estimate   std.error statistic
1           (Intercept)  0.57163592 0.037539960 15.227398
2 Coparent_Total_Mother -0.04231054 0.007055715 -5.996634
3 Coparent_Total_Father -0.01679857 0.009011324 -1.864162
                                          p.value              b       df dfcom       fmi    lambda
1 0.000000000000000000000000000000000000002436711 0.000254785092 305.1137  1997 0.1980873 0.1928480
2 0.000000004139806159950853325654601959533718247 0.000007054229 449.9853  1997 0.1548937 0.1511458
3 0.062817840190605045425087382682249881327152252 0.000009850582 564.4417  1997 0.1324623 0.1293938
   m       riv          ubar
1 15 0.2389240 0.00113747782
2 15 0.1780587 0.00004225861
3 15 0.1486249 0.00007069666
